SAIDA DE DADOS DO ELEMENTO  7

MATRIZ DE RIGIDEZ LOCAL DO ELEMENTO   7
    5600000000.0             0.0             0.0   -5600000000.0             0.0             0.0
             0.0     143360000.0     358400000.0             0.0    -143360000.0     358400000.0
             0.0     358400000.0    1194666666.7             0.0    -358400000.0     597333333.3
   -5600000000.0             0.0             0.0    5600000000.0             0.0             0.0
             0.0    -143360000.0    -358400000.0             0.0     143360000.0    -358400000.0
             0.0     358400000.0     597333333.3             0.0    -358400000.0    1194666666.7

MATRIZ DE MASSA LOCAL DO ELEMENTO   7
          5000.0             0.0             0.0             0.0             0.0             0.0
             0.0          5000.0             0.0             0.0             0.0             0.0
             0.0             0.0         10683.3             0.0             0.0             0.0
             0.0             0.0             0.0          5000.0             0.0             0.0
             0.0             0.0             0.0             0.0          5000.0             0.0
             0.0             0.0             0.0             0.0             0.0         10683.3

MATRIZ DE ROTACAO LOCAL DO ELEMENTO   7
             0.0             1.0             0.0             0.0             0.0             0.0
            -1.0             0.0             0.0             0.0             0.0             0.0
             0.0             0.0             1.0             0.0             0.0             0.0
             0.0             0.0             0.0             0.0             1.0             0.0
             0.0             0.0             0.0            -1.0             0.0             0.0
             0.0             0.0             0.0             0.0             0.0             1.0

VETOR DE ESFORCOS LOCAIS DO ELEMENTO   7
             0.0
             0.0
             0.0
             0.0
             0.0
            -0.0

VETOR DE DESLOCAMENTOS LOCAIS DO ELEMENTO  7

REACOES NO ELEMENTO  7
                 Esf Normal (N) Esf Cortante (N) Mom Fletor (Nm)
No inicial:         0.000E+00       0.000E+00       0.000E+00
No final:           0.000E+00       0.000E+00       0.000E+00
