SAIDA DE DADOS DO ELEMENTO  6

MATRIZ DE RIGIDEZ LOCAL DO ELEMENTO   6
    2800000000.0             0.0             0.0   -2800000000.0             0.0             0.0
             0.0      17920000.0      89600000.0             0.0     -17920000.0      89600000.0
             0.0      89600000.0     597333333.3             0.0     -89600000.0     298666666.7
   -2800000000.0             0.0             0.0    2800000000.0             0.0             0.0
             0.0     -17920000.0     -89600000.0             0.0      17920000.0     -89600000.0
             0.0      89600000.0     298666666.7             0.0     -89600000.0     597333333.3

MATRIZ DE MASSA LOCAL DO ELEMENTO   6
         10000.0             0.0             0.0             0.0             0.0             0.0
             0.0         10000.0             0.0             0.0             0.0             0.0
             0.0             0.0         83866.7             0.0             0.0             0.0
             0.0             0.0             0.0         10000.0             0.0             0.0
             0.0             0.0             0.0             0.0         10000.0             0.0
             0.0             0.0             0.0             0.0             0.0         83866.7

MATRIZ DE ROTACAO LOCAL DO ELEMENTO   6
             1.0             0.0             0.0             0.0             0.0             0.0
            -0.0             1.0             0.0             0.0             0.0             0.0
             0.0             0.0             1.0             0.0             0.0             0.0
             0.0             0.0             0.0             1.0             0.0             0.0
             0.0             0.0             0.0            -0.0             1.0             0.0
             0.0             0.0             0.0             0.0             0.0             1.0

VETOR DE ESFORCOS LOCAIS DO ELEMENTO   6
             0.0
             0.0
             0.0
             0.0
             0.0
            -0.0

VETOR DE DESLOCAMENTOS LOCAIS DO ELEMENTO  6

REACOES NO ELEMENTO  6
                 Esf Normal (N) Esf Cortante (N) Mom Fletor (Nm)
No inicial:         0.000E+00       0.000E+00       0.000E+00
No final:           0.000E+00       0.000E+00       0.000E+00
