SAIDA DE DADOS DO ELEMENTO  5

MATRIZ DE RIGIDEZ LOCAL DO ELEMENTO   5
    1866666666.7             0.0             0.0   -1866666666.7             0.0             0.0
             0.0       5309629.6      39822222.2             0.0      -5309629.6      39822222.2
             0.0      39822222.2     398222222.2             0.0     -39822222.2     199111111.1
   -1866666666.7             0.0             0.0    1866666666.7             0.0             0.0
             0.0      -5309629.6     -39822222.2             0.0       5309629.6     -39822222.2
             0.0      39822222.2     199111111.1             0.0     -39822222.2     398222222.2

MATRIZ DE MASSA LOCAL DO ELEMENTO   5
         15000.0             0.0             0.0             0.0             0.0             0.0
             0.0         15000.0             0.0             0.0             0.0             0.0
             0.0             0.0        282050.0             0.0             0.0             0.0
             0.0             0.0             0.0         15000.0             0.0             0.0
             0.0             0.0             0.0             0.0         15000.0             0.0
             0.0             0.0             0.0             0.0             0.0        282050.0

MATRIZ DE ROTACAO LOCAL DO ELEMENTO   5
             1.0             0.0             0.0             0.0             0.0             0.0
            -0.0             1.0             0.0             0.0             0.0             0.0
             0.0             0.0             1.0             0.0             0.0             0.0
             0.0             0.0             0.0             1.0             0.0             0.0
             0.0             0.0             0.0            -0.0             1.0             0.0
             0.0             0.0             0.0             0.0             0.0             1.0

VETOR DE ESFORCOS LOCAIS DO ELEMENTO   5
             0.0
             0.0
             0.0
             0.0
             0.0
            -0.0

VETOR DE DESLOCAMENTOS LOCAIS DO ELEMENTO  5

REACOES NO ELEMENTO  5
                 Esf Normal (N) Esf Cortante (N) Mom Fletor (Nm)
No inicial:         0.000E+00       0.000E+00       0.000E+00
No final:           0.000E+00       0.000E+00       0.000E+00
