SAIDA DE DADOS DO ELEMENTO  8

MATRIZ DE RIGIDEZ LOCAL DO ELEMENTO   8
    3733333333.3             0.0             0.0   -3733333333.3             0.0             0.0
             0.0      66370370.4     199111111.1             0.0     -66370370.4     199111111.1
             0.0     199111111.1     796444444.4             0.0    -199111111.1     398222222.2
   -3733333333.3             0.0             0.0    3733333333.3             0.0             0.0
             0.0     -66370370.4    -199111111.1             0.0      66370370.4    -199111111.1
             0.0     199111111.1     398222222.2             0.0    -199111111.1     796444444.4

MATRIZ DE MASSA LOCAL DO ELEMENTO   8
          4800.0             0.0             0.0             0.0             0.0             0.0
             0.0          4800.0             0.0             0.0             0.0             0.0
             0.0             0.0         14656.0             0.0             0.0             0.0
             0.0             0.0             0.0          4800.0             0.0             0.0
             0.0             0.0             0.0             0.0          4800.0             0.0
             0.0             0.0             0.0             0.0             0.0         14656.0

MATRIZ DE ROTACAO LOCAL DO ELEMENTO   8
             0.0             1.0             0.0             0.0             0.0             0.0
            -1.0             0.0             0.0             0.0             0.0             0.0
             0.0             0.0             1.0             0.0             0.0             0.0
             0.0             0.0             0.0             0.0             1.0             0.0
             0.0             0.0             0.0            -1.0             0.0             0.0
             0.0             0.0             0.0             0.0             0.0             1.0

VETOR DE ESFORCOS LOCAIS DO ELEMENTO   8
             0.0
             0.0
             0.0
             0.0
             0.0
            -0.0

VETOR DE DESLOCAMENTOS LOCAIS DO ELEMENTO  8

REACOES NO ELEMENTO  8
                 Esf Normal (N) Esf Cortante (N) Mom Fletor (Nm)
No inicial:         0.000E+00       0.000E+00       0.000E+00
No final:           0.000E+00       0.000E+00       0.000E+00
