SAIDA DE DADOS DO ELEMENTO  1

MATRIZ DE RIGIDEZ LOCAL DO ELEMENTO   1
    4480000000.0             0.0             0.0   -4480000000.0             0.0             0.0
             0.0     114688000.0     286720000.0             0.0    -114688000.0     286720000.0
             0.0     286720000.0     955733333.3             0.0    -286720000.0     477866666.7
   -4480000000.0             0.0             0.0    4480000000.0             0.0             0.0
             0.0    -114688000.0    -286720000.0             0.0     114688000.0    -286720000.0
             0.0     286720000.0     477866666.7             0.0    -286720000.0     955733333.3

MATRIZ DE MASSA LOCAL DO ELEMENTO   1
          4000.0             0.0             0.0             0.0             0.0             0.0
             0.0          4000.0             0.0             0.0             0.0             0.0
             0.0             0.0          8546.7             0.0             0.0             0.0
             0.0             0.0             0.0          4000.0             0.0             0.0
             0.0             0.0             0.0             0.0          4000.0             0.0
             0.0             0.0             0.0             0.0             0.0          8546.7

MATRIZ DE ROTACAO LOCAL DO ELEMENTO   1
             0.0             1.0             0.0             0.0             0.0             0.0
            -1.0             0.0             0.0             0.0             0.0             0.0
             0.0             0.0             1.0             0.0             0.0             0.0
             0.0             0.0             0.0             0.0             1.0             0.0
             0.0             0.0             0.0            -1.0             0.0             0.0
             0.0             0.0             0.0             0.0             0.0             1.0

VETOR DE ESFORCOS LOCAIS DO ELEMENTO   1
             0.0
             0.0
             0.0
             0.0
             0.0
            -0.0

VETOR DE DESLOCAMENTOS LOCAIS DO ELEMENTO  1

REACOES NO ELEMENTO  1
                 Esf Normal (N) Esf Cortante (N) Mom Fletor (Nm)
No inicial:         0.000E+00       0.000E+00       0.000E+00
No final:           0.000E+00       0.000E+00       0.000E+00
